0 0.37389867841409696 0.12290969899665552 0.236784140969163 0.23244147157190634
0 0.6194933920704846 0.1262541806020067 0.2257709251101322 0.21906354515050167
0 0.8683920704845816 0.12792642140468227 0.236784140969163 0.22909698996655517
0 0.13050660792951543 0.11872909698996656 0.22797356828193835 0.22742474916387959
0 0.13160792951541853 0.3737458193979933 0.2169603524229075 0.21906354515050167
0 0.37389867841409696 0.3720735785953177 0.22136563876651985 0.21237458193979933
0 0.6216960352422908 0.37541806020066887 0.2301762114537445 0.2157190635451505
0 0.866740088105727 0.37876254180602004 0.21365638766519826 0.21237458193979933
0 0.8805066079295155 0.6346153846153846 0.18612334801762118 0.18896321070234112
0 0.6073788546255507 0.6237458193979933 0.1618942731277533 0.22742474916387959
0 0.3364537444933921 0.6162207357859532 0.15528634361233482 0.1923076923076923
0 0.13546255506607932 0.6162207357859532 0.1828193832599119 0.21237458193979933
0 0.12279735682819384 0.8762541806020067 0.2301762114537445 0.22073578595317725
0 0.38821585903083705 0.8795986622073578 0.17951541850220265 0.23076923076923075
0 0.6299559471365639 0.8704013377926422 0.18061674008810574 0.20234113712374582
0 0.8656387665198239 0.8821070234113713 0.1563876651982379 0.225752508361204
